0 13.0823
1 13.0824
2 13.0827
3 13.0833
4 13.0841
5 13.0851
6 13.0863
7 13.0877
8 13.0894
9 13.0913
10 13.0935
11 13.0959
12 13.0985
13 13.1014
14 13.1045
15 13.1079
16 13.1116
17 13.1155
18 13.1197
19 13.1241
20 13.1289
21 13.1339
22 13.1393
23 13.1449
24 13.1509
25 13.1572
26 13.1638
27 13.1707
28 13.178
29 13.1857
30 13.1937
31 13.2021
32 13.2109
33 13.2201
34 13.2297
35 13.2398
36 13.2502
37 13.2612
38 13.2725
39 13.2844
40 13.2968
41 13.3096
42 13.323
43 13.3369
44 13.3513
45 13.3664
46 13.382
47 13.3982
48 13.415
49 13.4324
50 13.4505
51 13.4692
52 13.4886
53 13.5088
54 13.5296
55 13.5512
56 13.5735
57 13.5967
58 13.6206
59 13.6453
60 13.6709
61 13.6973
62 13.7246
63 13.7528
64 13.7819
65 13.812
66 13.843
67 13.875
68 13.9081
69 13.9421
70 13.9773
71 14.0135
72 14.0508
73 14.0892
74 14.1288
75 14.1696
76 14.2116
77 14.2548
78 14.2992
79 14.3449
80 14.3919
81 14.4403
82 14.49
83 14.5411
84 14.5935
85 14.6474
86 14.7028
87 14.7596
88 14.8179
89 14.8778
90 14.9392
91 15.0022
92 15.0668
93 15.1331
94 15.2009
95 15.2705
96 15.3418
97 15.4148
98 15.4896
99 15.5661
100 15.6445
101 15.7208
102 15.7952
103 15.8676
104 15.938
105 16.0065
106 16.0732
107 16.1379
108 16.2008
109 16.2619
110 16.3212
111 16.3787
112 16.4345
113 16.4885
114 16.5408
115 16.5914
116 16.6403
117 16.6876
118 16.7332
119 16.7772
120 16.8197
121 16.8605
122 16.8998
123 16.9376
124 16.9738
125 17.0085
126 17.0417
127 17.0735
128 17.1037
129 17.1326
130 17.16
131 17.1859
132 17.2105
133 17.2337
134 17.2555
135 17.2759
136 17.2949
137 17.3126
138 17.3289
139 17.3439
140 17.3576
141 17.37
142 17.381
143 17.3907
144 17.3991
145 17.4062
146 17.412
147 17.4166
148 17.4198
149 17.4217
150 17.4224
151 17.4217
152 17.4198
153 17.4166
154 17.412
155 17.4062
156 17.3991
157 17.3907
158 17.381
159 17.37
160 17.3576
161 17.3439
162 17.3289
163 17.3126
164 17.2949
165 17.2759
166 17.2555
167 17.2337
168 17.2105
169 17.1859
170 17.16
171 17.1326
172 17.1037
173 17.0735
174 17.0417
175 17.0085
176 16.9738
177 16.9376
178 16.8998
179 16.8605
180 16.8197
181 16.7772
182 16.7332
183 16.6876
184 16.6403
185 16.5914
186 16.5408
187 16.4885
188 16.4345
189 16.3787
190 16.3212
191 16.2619
192 16.2008
193 16.1379
194 16.0731
195 16.0065
196 15.938
197 15.8675
198 15.7951
199 15.7208
200 15.6444
201 15.5661
202 15.4895
203 15.4147
204 15.3417
205 15.2704
206 15.2009
207 15.133
208 15.0667
209 15.0021
210 14.9391
211 14.8777
212 14.8178
213 14.7595
214 14.7027
215 14.6473
216 14.5934
217 14.5409
218 14.4898
219 14.4401
220 14.3917
221 14.3447
222 14.299
223 14.2545
224 14.2113
225 14.1693
226 14.1285
227 14.0889
228 14.0504
229 14.0131
230 13.9768
231 13.9417
232 13.9076
233 13.8745
234 13.8424
235 13.8113
236 13.7812
237 13.752
238 13.7238
239 13.6964
240 13.6699
241 13.6443
242 13.6195
243 13.5955
244 13.5723
245 13.5499
246 13.5282
247 13.5072
248 13.487
249 13.4675
250 13.4486
251 13.4304
252 13.4128
253 13.3958
254 13.3795
255 13.3637
256 13.3485
257 13.3339
258 13.3197
259 13.3061
260 13.2931
261 13.2804
262 13.2683
263 13.2566
264 13.2454
265 13.2346
266 13.2242
267 13.2143
268 13.2047
269 13.1955
270 13.1866
271 13.1782
272 13.17
273 13.1622
274 13.1547
275 13.1475
276 13.1406
277 13.134
278 13.1277
279 13.1216
280 13.1158
281 13.1103
282 13.1049
283 13.0999
284 13.095
285 13.0903
286 13.0859
287 13.0816
288 13.0776
289 13.0737
290 13.07
291 13.0665
292 13.0631
293 13.0599
294 13.0568
295 13.0539
296 13.0511
297 13.0484
298 13.0459
299 13.0435
300 13.0412
301 13.039
302 13.0369
303 13.0349
304 13.0331
305 13.0313
306 13.0296
307 13.028
308 13.0264
309 13.025
310 13.0236
311 13.0223
312 13.021
313 13.0199
314 13.0188
315 13.0177
316 13.0167
317 13.0158
318 13.0149
319 13.014
320 13.0132
321 13.0125
322 13.0118
323 13.0111
324 13.0105
325 13.0099
326 13.0093
327 13.0088
328 13.0083
329 13.0078
330 13.0074
331 13.007
332 13.0066
333 13.0063
334 13.0059
335 13.0056
336 13.0053
337 13.0051
338 13.0048
339 13.0046
340 13.0044
341 13.0042
342 13.0041
343 13.0039
344 13.0038
345 13.0037
346 13.0036
347 13.0035
348 13.0034
349 13.0033
350 13.0033
351 13.0033
352 13.0033
353 13.0033
354 13.0033
355 13.0033
356 13.0034
357 13.0034
358 13.0035
359 13.0036
360 13.0037
361 13.0038
362 13.004
363 13.0041
364 13.0043
365 13.0045
366 13.0047
367 13.0049
368 13.0052
369 13.0055
370 13.0057
371 13.0061
372 13.0064
373 13.0067
374 13.0071
375 13.0075
376 13.008
377 13.0084
378 13.0089
379 13.0095
380 13.01
381 13.0106
382 13.0112
383 13.0119
384 13.0126
385 13.0133
386 13.0141
387 13.015
388 13.0158
389 13.0168
390 13.0177
391 13.0188
392 13.0199
393 13.021
394 13.0222
395 13.0235
396 13.0248
397 13.0262
398 13.0277
399 13.0293
400 13.0309
401 13.0326
402 13.0344
403 13.0363
404 13.0383
405 13.0404
406 13.0426
407 13.0449
408 13.0473
409 13.0498
410 13.0525
411 13.0553
412 13.0582
413 13.0612
414 13.0644
415 13.0678
416 13.0712
417 13.0749
418 13.0787
419 13.0827
420 13.0869
421 13.0912
422 13.0958
423 13.1005
424 13.1055
425 13.1106
426 13.116
427 13.1217
428 13.1275
429 13.1336
430 13.14
431 13.1466
432 13.1535
433 13.1607
434 13.1682
435 13.176
436 13.1841
437 13.1925
438 13.2012
439 13.2103
440 13.2198
441 13.2296
442 13.2398
443 13.2504
444 13.2614
445 13.2728
446 13.2846
447 13.2969
448 13.3096
449 13.3228
450 13.3364
451 13.3506
452 13.3652
453 13.3804
454 13.3961
455 13.4124
456 13.4292
457 13.4466
458 13.4646
459 13.4832
460 13.5024
461 13.5223
462 13.5428
463 13.564
464 13.5859
465 13.6085
466 13.6318
467 13.6559
468 13.6807
469 13.7062
470 13.7326
471 13.7598
472 13.7878
473 13.8167
474 13.8464
475 13.877
476 13.9085
477 13.9409
478 13.9742
479 14.0085
480 14.0438
481 14.0801
482 14.1174
483 14.1557
484 14.195
485 14.2355
486 14.277
487 14.3196
488 14.3634
489 14.4083
490 14.4543
491 14.5016
492 14.5501
493 14.5997
494 14.6507
495 14.7028
496 14.7563
497 14.8111
498 14.8671
499 14.9246
500 14.9833
501 15.0406
502 15.0964
503 15.1506
504 15.2035
505 15.2549
506 15.3049
507 15.3534
508 15.4006
509 15.4464
510 15.4909
511 15.534
512 15.5758
513 15.6163
514 15.6556
515 15.6935
516 15.7302
517 15.7657
518 15.7999
519 15.8329
520 15.8647
521 15.8954
522 15.9249
523 15.9532
524 15.9803
525 16.0064
526 16.0313
527 16.0551
528 16.0778
529 16.0994
530 16.12
531 16.1395
532 16.1579
533 16.1753
534 16.1916
535 16.2069
536 16.2212
537 16.2344
538 16.2467
539 16.258
540 16.2682
541 16.2775
542 16.2857
543 16.293
544 16.2993
545 16.3047
546 16.309
547 16.3124
548 16.3148
549 16.3163
550 16.3168
551 16.3163
552 16.3148
553 16.3124
554 16.309
555 16.3047
556 16.2993
557 16.293
558 16.2857
559 16.2775
560 16.2682
561 16.258
562 16.2467
563 16.2344
564 16.2212
565 16.2069
566 16.1916
567 16.1753
568 16.1579
569 16.1395
570 16.12
571 16.0994
572 16.0778
573 16.0551
574 16.0313
575 16.0064
576 15.9803
577 15.9532
578 15.9249
579 15.8954
580 15.8647
581 15.8329
582 15.7999
583 15.7657
584 15.7302
585 15.6935
586 15.6556
587 15.6163
588 15.5758
589 15.534
590 15.4909
591 15.4464
592 15.4006
593 15.3534
594 15.3049
595 15.2549
596 15.2035
597 15.1506
598 15.0964
599 15.0406
600 14.9833
601 14.9246
602 14.8671
603 14.8111
604 14.7563
605 14.7028
606 14.6507
607 14.5997
608 14.5501
609 14.5016
610 14.4543
611 14.4083
612 14.3634
613 14.3196
614 14.277
615 14.2355
616 14.195
617 14.1557
618 14.1174
619 14.0801
620 14.0438
621 14.0085
622 13.9742
623 13.9409
624 13.9085
625 13.877
626 13.8464
627 13.8167
628 13.7878
629 13.7598
630 13.7326
631 13.7062
632 13.6807
633 13.6559
634 13.6318
635 13.6085
636 13.5859
637 13.564
638 13.5428
639 13.5223
640 13.5024
641 13.4832
642 13.4646
643 13.4466
644 13.4292
645 13.4124
646 13.3961
647 13.3804
648 13.3652
649 13.3506
650 13.3364
651 13.3228
652 13.3096
653 13.2969
654 13.2846
655 13.2728
656 13.2614
657 13.2504
658 13.2398
659 13.2296
660 13.2198
661 13.2103
662 13.2012
663 13.1925
664 13.1841
665 13.176
666 13.1682
667 13.1607
668 13.1535
669 13.1466
670 13.14
671 13.1336
672 13.1275
673 13.1216
674 13.116
675 13.1106
676 13.1055
677 13.1005
678 13.0958
679 13.0912
680 13.0869
681 13.0827
682 13.0787
683 13.0749
684 13.0712
685 13.0677
686 13.0644
687 13.0612
688 13.0582
689 13.0553
690 13.0525
691 13.0498
692 13.0473
693 13.0449
694 13.0426
695 13.0404
696 13.0383
697 13.0363
698 13.0344
699 13.0326
700 13.0309
701 13.0292
702 13.0277
703 13.0262
704 13.0248
705 13.0234
706 13.0221
707 13.0209
708 13.0198
709 13.0187
710 13.0176
711 13.0167
712 13.0157
713 13.0148
714 13.014
715 13.0132
716 13.0124
717 13.0117
718 13.0111
719 13.0104
720 13.0098
721 13.0092
722 13.0087
723 13.0082
724 13.0077
725 13.0072
726 13.0068
727 13.0064
728 13.006
729 13.0056
730 13.0053
731 13.005
732 13.0047
733 13.0044
734 13.0041
735 13.0039
736 13.0036
737 13.0034
738 13.0032
739 13.003
740 13.0028
741 13.0026
742 13.0024
743 13.0023
744 13.0021
745 13.002
746 13.0019
747 13.0017
748 13.0016
749 13.0015
750 13.0014
751 13.0013
752 13.0012
753 13.0011
754 13.0011
755 13.001
756 13.0009
757 13.0009
758 13.0008
759 13.0008
760 13.0007
761 13.0007
762 13.0006
763 13.0006
764 13.0005
765 13.0005
766 13.0005
767 13.0004
768 13.0004
769 13.0004
770 13.0003
771 13.0003
772 13.0003
773 13.0003
774 13.0002
775 13.0002
776 13.0002
777 13.0002
778 13.0002
779 13.0002
780 13.0002
781 13.0001
782 13.0001
783 13.0001
784 13.0001
785 13.0001
786 13.0001
787 13.0001
788 13.0001
789 13.0001
790 13.0001
791 13.0001
792 13.0001
793 13.0001
794 13.0001
795 13
796 13
797 13
798 13
799 13
800 13
801 13
802 13
803 13
804 13
805 13
806 13
807 13
808 13
809 13
810 13
811 13
812 13
813 13
814 13
815 13
816 13
817 13
818 13
819 13
820 13
821 13
822 13
823 13
824 13
825 13
826 13
827 13
828 13
829 13
830 13
831 13
832 13
833 13
834 13
835 13
836 13
837 13
838 13
839 13
840 13
841 13
842 13
843 13
844 13
845 13
846 13
847 13
848 13
849 13
850 13
851 13
852 13
853 13
854 13
855 13
856 13
857 13
858 13
859 13
860 13
861 13
862 13
863 13
864 13
865 13
866 13
867 13
868 13
869 13
870 13
871 13
872 13
873 13
874 13
875 13
876 13
877 13
878 13
879 13
880 13
881 13
882 13
883 13
884 13
885 13
886 13
887 13
888 13
889 13
890 13
891 13
892 13
893 13
894 13
895 13
896 13
897 13
898 13
899 13
900 13
901 13
902 13
903 13
904 13
905 13
906 13
907 13
908 13
909 13
910 13
911 13
912 13
913 13
914 13
915 13
916 13
917 13
918 13
919 13
920 13
921 13
922 13
923 13
924 13
925 13
926 13
927 13
928 13
929 13
930 13
931 13
932 13
933 13
934 13
935 13
936 13
937 13
938 13
939 13
940 13
941 13
942 13
943 13
944 13
945 13
946 13
947 13
948 13
949 13
950 13
951 13
952 13
953 13
954 13
955 13
956 13
957 13
958 13
959 13
960 13
961 13
962 13
963 13
964 13
965 13
966 13
967 13
968 13
969 13
970 13
971 13
972 13
973 13
974 13
975 13
976 13
977 13
978 13
979 13
980 13
981 13
982 13
983 13
984 13
985 13
986 13
987 13
988 13
989 13
990 13
991 13
992 13
993 13
994 13
995 13
996 13
997 13
998 13
999 13
1000 13
