0 13
1 13
2 13
3 13
4 13
5 13
6 13
7 13
8 13
9 13
10 13
11 13.0001
12 13.0001
13 13.0001
14 13.0001
15 13.0001
16 13.0001
17 13.0001
18 13.0002
19 13.0002
20 13.0003
21 13.0003
22 13.0004
23 13.0004
24 13.0005
25 13.0006
26 13.0007
27 13.0008
28 13.001
29 13.0011
30 13.0013
31 13.0015
32 13.0018
33 13.0021
34 13.0024
35 13.0028
36 13.0032
37 13.0038
38 13.0044
39 13.005
40 13.0058
41 13.0067
42 13.0077
43 13.0088
44 13.0101
45 13.0116
46 13.0132
47 13.0151
48 13.0172
49 13.0196
50 13.0223
51 13.0254
52 13.0288
53 13.0326
54 13.0368
55 13.0416
56 13.0469
57 13.0528
58 13.0594
59 13.0667
60 13.0748
61 13.0838
62 13.0937
63 13.1047
64 13.1168
65 13.1302
66 13.1449
67 13.161
68 13.1787
69 13.1981
70 13.2193
71 13.2425
72 13.2677
73 13.2953
74 13.3253
75 13.3579
76 13.3933
77 13.4316
78 13.4731
79 13.518
80 13.5665
81 13.6188
82 13.6751
83 13.7357
84 13.8007
85 13.8706
86 13.9455
87 14.0256
88 14.1114
89 14.2029
90 14.3006
91 14.4047
92 14.5155
93 14.6333
94 14.7583
95 14.891
96 15.0316
97 15.1805
98 15.3379
99 15.5041
100 15.6795
101 15.8457
102 16.0031
103 16.152
104 16.2926
105 16.4253
106 16.5503
107 16.6681
108 16.7789
109 16.883
110 16.9807
111 17.0722
112 17.1579
113 17.2381
114 17.3129
115 17.3828
116 17.4479
117 17.5084
118 17.5647
119 17.617
120 17.6654
121 17.7102
122 17.7517
123 17.79
124 17.8253
125 17.8578
126 17.8877
127 17.9152
128 17.9404
129 17.9634
130 17.9844
131 18.0036
132 18.0211
133 18.037
134 18.0514
135 18.0644
136 18.0761
137 18.0866
138 18.0961
139 18.1045
140 18.1119
141 18.1184
142 18.1241
143 18.129
144 18.1332
145 18.1367
146 18.1395
147 18.1416
148 18.1431
149 18.144
150 18.1443
151 18.144
152 18.1431
153 18.1416
154 18.1395
155 18.1367
156 18.1332
157 18.129
158 18.1241
159 18.1184
160 18.1119
161 18.1045
162 18.0961
163 18.0866
164 18.0761
165 18.0644
166 18.0514
167 18.037
168 18.0211
169 18.0036
170 17.9844
171 17.9634
172 17.9404
173 17.9152
174 17.8877
175 17.8578
176 17.8253
177 17.79
178 17.7517
179 17.7102
180 17.6654
181 17.617
182 17.5647
183 17.5084
184 17.4479
185 17.3828
186 17.3129
187 17.2381
188 17.1579
189 17.0722
190 16.9807
191 16.883
192 16.7789
193 16.6681
194 16.5503
195 16.4253
196 16.2926
197 16.152
198 16.0031
199 15.8457
200 15.6795
201 15.5041
202 15.3379
203 15.1805
204 15.0316
205 14.891
206 14.7583
207 14.6333
208 14.5155
209 14.4047
210 14.3006
211 14.2029
212 14.1114
213 14.0256
214 13.9455
215 13.8706
216 13.8007
217 13.7357
218 13.6751
219 13.6188
220 13.5665
221 13.518
222 13.4731
223 13.4316
224 13.3933
225 13.3579
226 13.3253
227 13.2953
228 13.2677
229 13.2425
230 13.2193
231 13.1981
232 13.1787
233 13.161
234 13.1449
235 13.1302
236 13.1168
237 13.1047
238 13.0937
239 13.0838
240 13.0748
241 13.0667
242 13.0594
243 13.0528
244 13.0469
245 13.0416
246 13.0368
247 13.0326
248 13.0288
249 13.0254
250 13.0223
251 13.0196
252 13.0172
253 13.0151
254 13.0132
255 13.0116
256 13.0101
257 13.0088
258 13.0077
259 13.0067
260 13.0058
261 13.005
262 13.0044
263 13.0038
264 13.0032
265 13.0028
266 13.0024
267 13.0021
268 13.0018
269 13.0015
270 13.0013
271 13.0011
272 13.001
273 13.0008
274 13.0007
275 13.0006
276 13.0005
277 13.0004
278 13.0004
279 13.0003
280 13.0003
281 13.0002
282 13.0002
283 13.0001
284 13.0001
285 13.0001
286 13.0001
287 13.0001
288 13.0001
289 13
290 13
291 13
292 13
293 13
294 13
295 13
296 13
297 13
298 13
299 13
300 13
301 13
302 13
303 13
304 13
305 13
306 13
307 13
308 13
309 13
310 13
311 13
312 13
313 13
314 13
315 13
316 13
317 13
318 13
319 13
320 13
321 13
322 13
323 13
324 13
325 13
326 13
327 13
328 13
329 13
330 13
331 13
332 13
333 13
334 13
335 13
336 13
337 13
338 13
339 13
340 13
341 13
342 13
343 13
344 13
345 13
346 13
347 13
348 13
349 13
350 13
351 13
352 13
353 13
354 13
355 13
356 13
357 13
358 13
359 13
360 13
361 13
362 13
363 13
364 13
365 13
366 13
367 13
368 13
369 13
370 13
371 13
372 13
373 13
374 13
375 13
376 13
377 13
378 13
379 13
380 13
381 13
382 13
383 13
384 13
385 13
386 13
387 13
388 13
389 13
390 13
391 13
392 13
393 13
394 13
395 13
396 13
397 13
398 13
399 13
400 13
401 13
402 13
403 13
404 13
405 13
406 13
407 13
408 13
409 13
410 13
411 13
412 13
413 13.0001
414 13.0001
415 13.0001
416 13.0001
417 13.0001
418 13.0001
419 13.0002
420 13.0002
421 13.0002
422 13.0003
423 13.0003
424 13.0004
425 13.0004
426 13.0005
427 13.0006
428 13.0007
429 13.0008
430 13.001
431 13.0011
432 13.0013
433 13.0016
434 13.0018
435 13.0021
436 13.0024
437 13.0028
438 13.0033
439 13.0038
440 13.0044
441 13.005
442 13.0058
443 13.0066
444 13.0076
445 13.0087
446 13.0099
447 13.0113
448 13.0129
449 13.0147
450 13.0167
451 13.019
452 13.0216
453 13.0244
454 13.0276
455 13.0312
456 13.0352
457 13.0396
458 13.0445
459 13.05
460 13.0561
461 13.0628
462 13.0703
463 13.0785
464 13.0876
465 13.0976
466 13.1086
467 13.1207
468 13.134
469 13.1485
470 13.1645
471 13.1818
472 13.2008
473 13.2215
474 13.244
475 13.2684
476 13.2949
477 13.3237
478 13.3548
479 13.3885
480 13.4249
481 13.4641
482 13.5063
483 13.5517
484 13.6006
485 13.653
486 13.7091
487 13.7692
488 13.8335
489 13.9022
490 13.9755
491 14.0535
492 14.1366
493 14.2249
494 14.3188
495 14.4183
496 14.5237
497 14.6354
498 14.7534
499 14.8781
500 15.0096
501 15.1343
502 15.2523
503 15.364
504 15.4694
505 15.5689
506 15.6628
507 15.7511
508 15.8342
509 15.9122
510 15.9855
511 16.0542
512 16.1184
513 16.1786
514 16.2347
515 16.2871
516 16.3359
517 16.3813
518 16.4235
519 16.4627
520 16.499
521 16.5327
522 16.5638
523 16.5925
524 16.619
525 16.6434
526 16.6658
527 16.6864
528 16.7053
529 16.7225
530 16.7383
531 16.7527
532 16.7658
533 16.7777
534 16.7885
535 16.7983
536 16.8071
537 16.815
538 16.822
539 16.8283
540 16.8339
541 16.8388
542 16.8431
543 16.8468
544 16.8499
545 16.8525
546 16.8546
547 16.8562
548 16.8573
549 16.858
550 16.8582
551 16.858
552 16.8573
553 16.8562
554 16.8546
555 16.8525
556 16.8499
557 16.8468
558 16.8431
559 16.8388
560 16.8339
561 16.8283
562 16.822
563 16.815
564 16.8071
565 16.7983
566 16.7885
567 16.7777
568 16.7658
569 16.7527
570 16.7383
571 16.7225
572 16.7053
573 16.6864
574 16.6658
575 16.6434
576 16.619
577 16.5925
578 16.5638
579 16.5327
580 16.499
581 16.4627
582 16.4235
583 16.3813
584 16.3359
585 16.2871
586 16.2347
587 16.1786
588 16.1184
589 16.0542
590 15.9855
591 15.9122
592 15.8342
593 15.7511
594 15.6628
595 15.5689
596 15.4694
597 15.364
598 15.2523
599 15.1343
600 15.0096
601 14.8781
602 14.7534
603 14.6354
604 14.5237
605 14.4183
606 14.3188
607 14.2249
608 14.1366
609 14.0535
610 13.9755
611 13.9022
612 13.8335
613 13.7692
614 13.7091
615 13.653
616 13.6006
617 13.5517
618 13.5063
619 13.4641
620 13.4249
621 13.3885
622 13.3548
623 13.3237
624 13.2949
625 13.2684
626 13.244
627 13.2215
628 13.2008
629 13.1818
630 13.1645
631 13.1485
632 13.134
633 13.1207
634 13.1086
635 13.0976
636 13.0876
637 13.0785
638 13.0703
639 13.0628
640 13.0561
641 13.05
642 13.0445
643 13.0396
644 13.0352
645 13.0312
646 13.0276
647 13.0244
648 13.0216
649 13.019
650 13.0167
651 13.0147
652 13.0129
653 13.0113
654 13.0099
655 13.0087
656 13.0076
657 13.0066
658 13.0058
659 13.005
660 13.0044
661 13.0038
662 13.0033
663 13.0028
664 13.0024
665 13.0021
666 13.0018
667 13.0016
668 13.0013
669 13.0011
670 13.001
671 13.0008
672 13.0007
673 13.0006
674 13.0005
675 13.0004
676 13.0004
677 13.0003
678 13.0003
679 13.0002
680 13.0002
681 13.0002
682 13.0001
683 13.0001
684 13.0001
685 13.0001
686 13.0001
687 13.0001
688 13
689 13
690 13
691 13
692 13
693 13
694 13
695 13
696 13
697 13
698 13
699 13
700 13
701 13
702 13
703 13
704 13
705 13
706 13
707 13
708 13
709 13
710 13
711 13
712 13
713 13
714 13
715 13
716 13
717 13
718 13
719 13
720 13
721 13
722 13
723 13
724 13
725 13
726 13
727 13
728 13
729 13
730 13
731 13
732 13
733 13
734 13
735 13
736 13
737 13
738 13
739 13
740 13
741 13
742 13
743 13
744 13
745 13
746 13
747 13
748 13
749 13
750 13
751 13
752 13
753 13
754 13
755 13
756 13
757 13
758 13
759 13
760 13
761 13
762 13
763 13
764 13
765 13
766 13
767 13
768 13
769 13
770 13
771 13
772 13
773 13
774 13
775 13
776 13
777 13
778 13
779 13
780 13
781 13
782 13
783 13
784 13
785 13
786 13
787 13
788 13
789 13
790 13
791 13
792 13
793 13
794 13
795 13
796 13
797 13
798 13
799 13
800 13
801 13
802 13
803 13
804 13
805 13
806 13
807 13
808 13
809 13
810 13
811 13
812 13
813 13
814 13
815 13
816 13
817 13
818 13
819 13
820 13
821 13
822 13
823 13
824 13
825 13
826 13
827 13
828 13
829 13
830 13
831 13
832 13
833 13
834 13
835 13
836 13
837 13
838 13
839 13
840 13
841 13
842 13
843 13
844 13
845 13
846 13
847 13
848 13
849 13
850 13
851 13
852 13
853 13
854 13
855 13
856 13
857 13
858 13
859 13
860 13
861 13
862 13
863 13
864 13
865 13
866 13
867 13
868 13
869 13
870 13
871 13
872 13
873 13
874 13
875 13
876 13
877 13
878 13
879 13
880 13
881 13
882 13
883 13
884 13
885 13
886 13
887 13
888 13
889 13
890 13
891 13
892 13
893 13
894 13
895 13
896 13
897 13
898 13
899 13
900 13
901 13
902 13
903 13
904 13
905 13
906 13
907 13
908 13
909 13
910 13
911 13.0001
912 13.0001
913 13.0001
914 13.0001
915 13.0001
916 13.0001
917 13.0001
918 13.0001
919 13.0001
920 13.0001
921 13.0001
922 13.0001
923 13.0001
924 13.0002
925 13.0002
926 13.0002
927 13.0002
928 13.0002
929 13.0002
930 13.0002
931 13.0003
932 13.0003
933 13.0003
934 13.0003
935 13.0003
936 13.0003
937 13.0004
938 13.0004
939 13.0004
940 13.0004
941 13.0004
942 13.0004
943 13.0004
944 13.0004
945 13.0005
946 13.0005
947 13.0005
948 13.0005
949 13.0005
950 13.0005
951 13.0005
952 13.0005
953 13.0005
954 13.0005
955 13.0005
956 13.0005
957 13.0005
958 13.0005
959 13.0005
960 13.0005
961 13.0005
962 13.0005
963 13.0005
964 13.0005
965 13.0005
966 13.0005
967 13.0005
968 13.0005
969 13.0005
970 13.0005
971 13.0005
972 13.0005
973 13.0005
974 13.0005
975 13.0005
976 13.0005
977 13.0005
978 13.0005
979 13.0004
980 13.0004
981 13.0004
982 13.0004
983 13.0004
984 13.0004
985 13.0004
986 13.0004
987 13.0003
988 13.0003
989 13.0003
990 13.0003
991 13.0003
992 13.0002
993 13.0002
994 13.0002
995 13.0002
996 13.0001
997 13.0001
998 13.0001
999 13
1000 13
