0 13
1 13
2 13
3 13
4 13
5 13
6 13
7 13
8 13
9 13
10 13
11 13
12 13
13 13
14 13
15 13
16 13
17 13
18 13
19 13
20 13
21 13
22 13
23 13
24 13
25 13
26 13
27 13
28 13
29 13
30 13
31 13
32 13
33 13
34 13
35 13
36 13
37 13
38 13
39 13
40 13
41 13
42 13
43 13
44 13
45 13
46 13
47 13
48 13
49 13
50 13
51 13
52 13
53 13
54 13
55 13
56 13
57 13
58 13
59 13
60 13
61 13
62 13
63 13
64 13
65 13
66 13
67 13
68 13
69 13
70 13
71 13
72 13
73 13
74 13
75 13
76 13
77 13
78 13
79 13
80 13
81 13
82 13
83 13
84 13
85 13
86 13
87 13
88 13
89 13
90 13
91 13
92 13
93 13.0001
94 13.0005
95 13.0042
96 13.0285
97 13.1672
98 13.8263
99 16.3663
100 24.0239
101 26.5639
102 27.223
103 27.3616
104 27.386
105 27.3896
106 27.3901
107 27.3902
108 27.3902
109 27.3902
110 27.3902
111 27.3902
112 27.3902
113 27.3902
114 27.3902
115 27.3902
116 27.3902
117 27.3902
118 27.3902
119 27.3902
120 27.3902
121 27.3902
122 27.3902
123 27.3902
124 27.3902
125 27.3902
126 27.3902
127 27.3902
128 27.3902
129 27.3902
130 27.3902
131 27.3902
132 27.3902
133 27.3902
134 27.3902
135 27.3902
136 27.3902
137 27.3902
138 27.3902
139 27.3902
140 27.3902
141 27.3902
142 27.3902
143 27.3902
144 27.3902
145 27.3902
146 27.3902
147 27.3902
148 27.3902
149 27.3902
150 27.3902
151 27.3902
152 27.3902
153 27.3902
154 27.3902
155 27.3902
156 27.3902
157 27.3902
158 27.3902
159 27.3902
160 27.3902
161 27.3902
162 27.3902
163 27.3902
164 27.3902
165 27.3902
166 27.3902
167 27.3902
168 27.3902
169 27.3902
170 27.3902
171 27.3902
172 27.3902
173 27.3902
174 27.3902
175 27.3902
176 27.3902
177 27.3902
178 27.3902
179 27.3902
180 27.3902
181 27.3902
182 27.3902
183 27.3902
184 27.3902
185 27.3902
186 27.3902
187 27.3902
188 27.3902
189 27.3902
190 27.3902
191 27.3902
192 27.3902
193 27.3902
194 27.3901
195 27.3896
196 27.386
197 27.3616
198 27.223
199 26.5639
200 24.0239
201 16.3663
202 13.8263
203 13.1672
204 13.0285
205 13.0042
206 13.0005
207 13.0001
208 13
209 13
210 13
211 13
212 13
213 13
214 13
215 13
216 13
217 13
218 13
219 13
220 13
221 13
222 13
223 13
224 13
225 13
226 13
227 13
228 13
229 13
230 13
231 13
232 13
233 13
234 13
235 13
236 13
237 13
238 13
239 13
240 13
241 13
242 13
243 13
244 13
245 13
246 13
247 13
248 13
249 13
250 13
251 13
252 13
253 13
254 13
255 13
256 13
257 13
258 13
259 13
260 13
261 13
262 13
263 13
264 13
265 13
266 13
267 13
268 13
269 13
270 13
271 13
272 13
273 13
274 13
275 13
276 13
277 13
278 13
279 13
280 13
281 13
282 13
283 13
284 13
285 13
286 13
287 13
288 13
289 13
290 13
291 13
292 13
293 13
294 13
295 13
296 13
297 13
298 13
299 13
300 13
301 13
302 13
303 13
304 13
305 13
306 13
307 13
308 13
309 13
310 13
311 13
312 13
313 13
314 13
315 13
316 13
317 13
318 13
319 13
320 13
321 13
322 13
323 13
324 13
325 13
326 13
327 13
328 13
329 13
330 13
331 13
332 13
333 13
334 13
335 13
336 13
337 13
338 13
339 13
340 13
341 13
342 13
343 13
344 13
345 13
346 13
347 13
348 13
349 13
350 13
351 13
352 13
353 13
354 13
355 13
356 13
357 13
358 13
359 13
360 13
361 13
362 13
363 13
364 13
365 13
366 13
367 13
368 13
369 13
370 13
371 13
372 13
373 13
374 13
375 13
376 13
377 13
378 13
379 13
380 13
381 13
382 13
383 13
384 13
385 13
386 13
387 13
388 13
389 13
390 13
391 13
392 13
393 13
394 13
395 13
396 13
397 13
398 13
399 13
400 13
401 13
402 13
403 13
404 13
405 13
406 13
407 13
408 13
409 13
410 13
411 13
412 13
413 13
414 13
415 13
416 13
417 13
418 13
419 13
420 13
421 13
422 13
423 13
424 13
425 13
426 13
427 13
428 13
429 13
430 13
431 13
432 13
433 13
434 13
435 13
436 13
437 13
438 13
439 13
440 13
441 13
442 13
443 13
444 13
445 13
446 13
447 13
448 13
449 13
450 13
451 13
452 13
453 13
454 13
455 13
456 13
457 13
458 13
459 13
460 13
461 13
462 13
463 13
464 13
465 13
466 13
467 13
468 13
469 13
470 13
471 13
472 13
473 13
474 13
475 13
476 13
477 13
478 13
479 13
480 13
481 13
482 13
483 13
484 13
485 13
486 13
487 13
488 13
489 13
490 13
491 13
492 13
493 13
494 13.0004
495 13.0031
496 13.0214
497 13.1254
498 13.6197
499 15.5247
500 21.2679
501 23.1729
502 23.6673
503 23.7712
504 23.7895
505 23.7922
506 23.7926
507 23.7926
508 23.7926
509 23.7926
510 23.7926
511 23.7926
512 23.7926
513 23.7926
514 23.7926
515 23.7926
516 23.7926
517 23.7926
518 23.7926
519 23.7926
520 23.7926
521 23.7926
522 23.7926
523 23.7926
524 23.7926
525 23.7926
526 23.7926
527 23.7926
528 23.7926
529 23.7926
530 23.7926
531 23.7926
532 23.7926
533 23.7926
534 23.7926
535 23.7926
536 23.7926
537 23.7926
538 23.7926
539 23.7926
540 23.7926
541 23.7926
542 23.7926
543 23.7926
544 23.7926
545 23.7926
546 23.7926
547 23.7926
548 23.7926
549 23.7926
550 23.7926
551 23.7926
552 23.7926
553 23.7926
554 23.7926
555 23.7926
556 23.7926
557 23.7926
558 23.7926
559 23.7926
560 23.7926
561 23.7926
562 23.7926
563 23.7926
564 23.7926
565 23.7926
566 23.7926
567 23.7926
568 23.7926
569 23.7926
570 23.7926
571 23.7926
572 23.7926
573 23.7926
574 23.7926
575 23.7926
576 23.7926
577 23.7926
578 23.7926
579 23.7926
580 23.7926
581 23.7926
582 23.7926
583 23.7926
584 23.7926
585 23.7926
586 23.7926
587 23.7926
588 23.7926
589 23.7926
590 23.7926
591 23.7926
592 23.7926
593 23.7926
594 23.7926
595 23.7922
596 23.7895
597 23.7712
598 23.6673
599 23.1729
600 21.2679
601 15.5247
602 13.6197
603 13.1254
604 13.0214
605 13.0031
606 13.0004
607 13
608 13
609 13
610 13
611 13
612 13
613 13
614 13
615 13
616 13
617 13
618 13
619 13
620 13
621 13
622 13
623 13
624 13
625 13
626 13
627 13
628 13
629 13
630 13
631 13
632 13
633 13
634 13
635 13
636 13
637 13
638 13
639 13
640 13
641 13
642 13
643 13
644 13
645 13
646 13
647 13
648 13
649 13
650 13
651 13
652 13
653 13
654 13
655 13
656 13
657 13
658 13
659 13
660 13
661 13
662 13
663 13
664 13
665 13
666 13
667 13
668 13
669 13
670 13
671 13
672 13
673 13
674 13
675 13
676 13
677 13
678 13
679 13
680 13
681 13
682 13
683 13
684 13
685 13
686 13
687 13
688 13
689 13
690 13
691 13
692 13
693 13
694 13
695 13
696 13
697 13
698 13
699 13
700 13
701 13
702 13
703 13
704 13
705 13
706 13
707 13
708 13
709 13
710 13
711 13
712 13
713 13
714 13
715 13
716 13
717 13
718 13
719 13
720 13
721 13
722 13
723 13
724 13
725 13
726 13
727 13
728 13
729 13
730 13
731 13
732 13
733 13
734 13
735 13
736 13
737 13
738 13
739 13
740 13
741 13
742 13
743 13
744 13
745 13
746 13
747 13
748 13
749 13
750 13
751 13
752 13
753 13
754 13
755 13
756 13
757 13
758 13
759 13
760 13
761 13
762 13
763 13
764 13
765 13
766 13
767 13
768 13
769 13
770 13
771 13
772 13
773 13
774 13
775 13
776 13
777 13
778 13
779 13
780 13
781 13
782 13
783 13
784 13
785 13
786 13
787 13
788 13
789 13
790 13
791 13
792 13
793 13
794 13
795 13
796 13
797 13
798 13
799 13
800 13
801 13
802 13
803 13
804 13
805 13
806 13
807 13
808 13
809 13
810 13
811 13
812 13
813 13
814 13
815 13
816 13
817 13
818 13
819 13
820 13
821 13
822 13
823 13
824 13
825 13
826 13
827 13
828 13
829 13
830 13
831 13
832 13
833 13
834 13
835 13
836 13
837 13
838 13
839 13
840 13
841 13
842 13
843 13
844 13
845 13
846 13
847 13
848 13
849 13
850 13
851 13
852 13
853 13
854 13
855 13
856 13
857 13
858 13
859 13
860 13
861 13
862 13
863 13
864 13
865 13
866 13
867 13
868 13
869 13
870 13
871 13
872 13
873 13
874 13
875 13
876 13
877 13
878 13
879 13
880 13
881 13
882 13
883 13
884 13
885 13
886 13
887 13
888 13
889 13
890 13
891 13
892 13
893 13
894 13
895 13
896 13
897 13
898 13
899 13
900 13
901 13
902 13
903 13
904 13
905 13
906 13
907 13
908 13
909 13
910 13
911 13
912 13
913 13
914 13
915 13
916 13
917 13
918 13
919 13
920 13
921 13
922 13
923 13
924 13
925 13
926 13
927 13
928 13
929 13
930 13
931 13
932 13
933 13
934 13
935 13
936 13
937 13
938 13
939 13
940 13
941 13
942 13
943 13
944 13
945 13
946 13
947 13
948 13
949 13
950 13
951 13
952 13
953 13
954 13
955 13
956 13
957 13
958 13
959 13
960 13
961 13
962 13
963 13
964 13
965 13
966 13
967 13
968 13
969 13
970 13
971 13
972 13
973 13
974 13
975 13
976 13
977 13
978 13
979 13
980 13
981 13
982 13
983 13
984 13
985 13
986 13
987 13
988 13
989 13
990 13
991 13
992 13
993 13
994 13
995 13
996 13
997 13
998 13
999 13
1000 13
