0 13
1 13
2 13
3 13
4 13
5 13
6 13
7 13
8 13
9 13
10 13
11 13
12 13
13 13
14 13
15 13
16 13
17 13
18 13
19 13
20 13
21 13
22 13
23 13
24 13
25 13
26 13
27 13
28 13
29 13
30 13
31 13
32 13
33 13
34 13
35 13
36 13
37 13
38 13
39 13
40 13
41 13
42 13
43 13
44 13
45 13
46 13
47 13
48 13
49 13
50 13
51 13
52 13
53 13
54 13
55 13
56 13
57 13
58 13
59 13
60 13
61 13
62 13
63 13
64 13
65 13
66 13
67 13
68 13
69 13
70 13
71 13
72 13
73 13
74 13
75 13
76 13
77 13
78 13
79 13
80 13
81 13
82 13
83 13
84 13
85 13.0001
86 13.0002
87 13.0005
88 13.0014
89 13.0037
90 13.0089
91 13.0207
92 13.0459
93 13.0971
94 13.1962
95 13.3783
96 13.6963
97 14.2243
98 15.0593
99 16.3181
100 18.1323
101 19.3912
102 20.2261
103 20.7542
104 21.0722
105 21.2543
106 21.3533
107 21.4046
108 21.4298
109 21.4416
110 21.4468
111 21.449
112 21.4499
113 21.4503
114 21.4504
115 21.4505
116 21.4505
117 21.4505
118 21.4505
119 21.4505
120 21.4505
121 21.4505
122 21.4505
123 21.4505
124 21.4505
125 21.4505
126 21.4505
127 21.4505
128 21.4505
129 21.4505
130 21.4505
131 21.4505
132 21.4505
133 21.4505
134 21.4505
135 21.4505
136 21.4505
137 21.4505
138 21.4505
139 21.4505
140 21.4505
141 21.4505
142 21.4505
143 21.4505
144 21.4505
145 21.4505
146 21.4505
147 21.4505
148 21.4505
149 21.4505
150 21.4505
151 21.4505
152 21.4505
153 21.4505
154 21.4505
155 21.4505
156 21.4505
157 21.4505
158 21.4505
159 21.4505
160 21.4505
161 21.4505
162 21.4505
163 21.4505
164 21.4505
165 21.4505
166 21.4505
167 21.4505
168 21.4505
169 21.4505
170 21.4505
171 21.4505
172 21.4505
173 21.4505
174 21.4505
175 21.4505
176 21.4505
177 21.4505
178 21.4505
179 21.4505
180 21.4505
181 21.4505
182 21.4505
183 21.4505
184 21.4505
185 21.4505
186 21.4504
187 21.4503
188 21.4499
189 21.449
190 21.4468
191 21.4416
192 21.4298
193 21.4046
194 21.3533
195 21.2543
196 21.0722
197 20.7542
198 20.2261
199 19.3912
200 18.1323
201 16.3181
202 15.0593
203 14.2243
204 13.6963
205 13.3783
206 13.1962
207 13.0971
208 13.0459
209 13.0207
210 13.0089
211 13.0037
212 13.0014
213 13.0005
214 13.0002
215 13.0001
216 13
217 13
218 13
219 13
220 13
221 13
222 13
223 13
224 13
225 13
226 13
227 13
228 13
229 13
230 13
231 13
232 13
233 13
234 13
235 13
236 13
237 13
238 13
239 13
240 13
241 13
242 13
243 13
244 13
245 13
246 13
247 13
248 13
249 13
250 13
251 13
252 13
253 13
254 13
255 13
256 13
257 13
258 13
259 13
260 13
261 13
262 13
263 13
264 13
265 13
266 13
267 13
268 13
269 13
270 13
271 13
272 13
273 13
274 13
275 13
276 13
277 13
278 13
279 13
280 13
281 13
282 13
283 13
284 13
285 13
286 13
287 13
288 13
289 13
290 13
291 13
292 13
293 13
294 13
295 13
296 13
297 13
298 13
299 13
300 13
301 13
302 13
303 13
304 13
305 13
306 13
307 13
308 13
309 13
310 13
311 13
312 13
313 13
314 13
315 13
316 13
317 13
318 13
319 13
320 13
321 13
322 13
323 13
324 13
325 13
326 13
327 13
328 13
329 13
330 13
331 13
332 13
333 13
334 13
335 13
336 13
337 13
338 13
339 13
340 13
341 13
342 13
343 13
344 13
345 13
346 13
347 13
348 13
349 13
350 13
351 13
352 13
353 13
354 13
355 13
356 13
357 13
358 13
359 13
360 13
361 13
362 13
363 13
364 13
365 13
366 13
367 13
368 13
369 13
370 13
371 13
372 13
373 13
374 13
375 13
376 13
377 13
378 13
379 13
380 13
381 13
382 13
383 13
384 13
385 13
386 13
387 13
388 13
389 13
390 13
391 13
392 13
393 13
394 13
395 13
396 13
397 13
398 13
399 13
400 13
401 13
402 13
403 13
404 13
405 13
406 13
407 13
408 13
409 13
410 13
411 13
412 13
413 13
414 13
415 13
416 13
417 13
418 13
419 13
420 13
421 13
422 13
423 13
424 13
425 13
426 13
427 13
428 13
429 13
430 13
431 13
432 13
433 13
434 13
435 13
436 13
437 13
438 13
439 13
440 13
441 13
442 13
443 13
444 13
445 13
446 13
447 13
448 13
449 13
450 13
451 13
452 13
453 13
454 13
455 13
456 13
457 13
458 13
459 13
460 13
461 13
462 13
463 13
464 13
465 13
466 13
467 13
468 13
469 13
470 13
471 13
472 13
473 13
474 13
475 13
476 13
477 13
478 13
479 13
480 13
481 13
482 13
483 13
484 13
485 13
486 13.0001
487 13.0004
488 13.0011
489 13.0027
490 13.0067
491 13.0155
492 13.0344
493 13.0728
494 13.1472
495 13.2837
496 13.5222
497 13.9182
498 14.5444
499 15.4886
500 16.8493
501 17.7934
502 18.4196
503 18.8157
504 19.0541
505 19.1907
506 19.265
507 19.3034
508 19.3223
509 19.3312
510 19.3351
511 19.3368
512 19.3374
513 19.3377
514 19.3378
515 19.3378
516 19.3379
517 19.3379
518 19.3379
519 19.3379
520 19.3379
521 19.3379
522 19.3379
523 19.3379
524 19.3379
525 19.3379
526 19.3379
527 19.3379
528 19.3379
529 19.3379
530 19.3379
531 19.3379
532 19.3379
533 19.3379
534 19.3379
535 19.3379
536 19.3379
537 19.3379
538 19.3379
539 19.3379
540 19.3379
541 19.3379
542 19.3379
543 19.3379
544 19.3379
545 19.3379
546 19.3379
547 19.3379
548 19.3379
549 19.3379
550 19.3379
551 19.3379
552 19.3379
553 19.3379
554 19.3379
555 19.3379
556 19.3379
557 19.3379
558 19.3379
559 19.3379
560 19.3379
561 19.3379
562 19.3379
563 19.3379
564 19.3379
565 19.3379
566 19.3379
567 19.3379
568 19.3379
569 19.3379
570 19.3379
571 19.3379
572 19.3379
573 19.3379
574 19.3379
575 19.3379
576 19.3379
577 19.3379
578 19.3379
579 19.3379
580 19.3379
581 19.3379
582 19.3379
583 19.3379
584 19.3379
585 19.3378
586 19.3378
587 19.3377
588 19.3374
589 19.3368
590 19.3351
591 19.3312
592 19.3223
593 19.3034
594 19.265
595 19.1907
596 19.0541
597 18.8157
598 18.4196
599 17.7934
600 16.8493
601 15.4886
602 14.5444
603 13.9182
604 13.5222
605 13.2837
606 13.1472
607 13.0728
608 13.0344
609 13.0155
610 13.0067
611 13.0027
612 13.0011
613 13.0004
614 13.0001
615 13
616 13
617 13
618 13
619 13
620 13
621 13
622 13
623 13
624 13
625 13
626 13
627 13
628 13
629 13
630 13
631 13
632 13
633 13
634 13
635 13
636 13
637 13
638 13
639 13
640 13
641 13
642 13
643 13
644 13
645 13
646 13
647 13
648 13
649 13
650 13
651 13
652 13
653 13
654 13
655 13
656 13
657 13
658 13
659 13
660 13
661 13
662 13
663 13
664 13
665 13
666 13
667 13
668 13
669 13
670 13
671 13
672 13
673 13
674 13
675 13
676 13
677 13
678 13
679 13
680 13
681 13
682 13
683 13
684 13
685 13
686 13
687 13
688 13
689 13
690 13
691 13
692 13
693 13
694 13
695 13
696 13
697 13
698 13
699 13
700 13
701 13
702 13
703 13
704 13
705 13
706 13
707 13
708 13
709 13
710 13
711 13
712 13
713 13
714 13
715 13
716 13
717 13
718 13
719 13
720 13
721 13
722 13
723 13
724 13
725 13
726 13
727 13
728 13
729 13
730 13
731 13
732 13
733 13
734 13
735 13
736 13
737 13
738 13
739 13
740 13
741 13
742 13
743 13
744 13
745 13
746 13
747 13
748 13
749 13
750 13
751 13
752 13
753 13
754 13
755 13
756 13
757 13
758 13
759 13
760 13
761 13
762 13
763 13
764 13
765 13
766 13
767 13
768 13
769 13
770 13
771 13
772 13
773 13
774 13
775 13
776 13
777 13
778 13
779 13
780 13
781 13
782 13
783 13
784 13
785 13
786 13
787 13
788 13
789 13
790 13
791 13
792 13
793 13
794 13
795 13
796 13
797 13
798 13
799 13
800 13
801 13
802 13
803 13
804 13
805 13
806 13
807 13
808 13
809 13
810 13
811 13
812 13
813 13
814 13
815 13
816 13
817 13
818 13
819 13
820 13
821 13
822 13
823 13
824 13
825 13
826 13
827 13
828 13
829 13
830 13
831 13
832 13
833 13
834 13
835 13
836 13
837 13
838 13
839 13
840 13
841 13
842 13
843 13
844 13
845 13
846 13
847 13
848 13
849 13
850 13
851 13
852 13
853 13
854 13
855 13
856 13
857 13
858 13
859 13
860 13
861 13
862 13
863 13
864 13
865 13
866 13
867 13
868 13
869 13
870 13
871 13
872 13
873 13
874 13
875 13
876 13
877 13
878 13
879 13
880 13
881 13
882 13
883 13
884 13
885 13
886 13
887 13
888 13
889 13
890 13
891 13
892 13
893 13
894 13
895 13
896 13
897 13
898 13
899 13
900 13
901 13
902 13
903 13
904 13
905 13
906 13
907 13
908 13
909 13
910 13
911 13
912 13
913 13
914 13
915 13
916 13
917 13
918 13
919 13
920 13
921 13
922 13
923 13
924 13
925 13
926 13
927 13
928 13
929 13
930 13
931 13
932 13
933 13
934 13
935 13
936 13
937 13
938 13
939 13
940 13
941 13
942 13
943 13
944 13
945 13
946 13
947 13
948 13
949 13
950 13
951 13
952 13
953 13
954 13
955 13
956 13
957 13
958 13
959 13
960 13
961 13
962 13
963 13
964 13
965 13
966 13
967 13
968 13
969 13
970 13
971 13
972 13
973 13
974 13
975 13
976 13
977 13
978 13
979 13
980 13
981 13
982 13
983 13
984 13
985 13
986 13
987 13
988 13
989 13
990 13
991 13
992 13
993 13
994 13
995 13
996 13
997 13
998 13
999 13
1000 13
